2 0.7015625000000001 0.06250000000000006 0.2359375 0.06250000000000003 0.23593750000000005 0.8734375 0.7015625000000002 0.8734375
0 0.5515625 0.3156250000000001 0.4 0.3156250000000001 0.4 0.5515625 0.5515625 0.5515625
0 0.39375 0.08437500000000003 0.2453125 0.08437500000000002 0.2453125 0.31093750000000003 0.39375 0.3109375000000001
0 0.53125 0.10156250000000004 0.39375 0.10156250000000004 0.39375 0.3187500000000001 0.53125 0.3187500000000001
0 0.39843750000000006 0.3140625 0.2421875 0.3140625 0.24218750000000006 0.5625 0.3984375000000001 0.5625
0 0.7015625000000001 0.55 0.5578125 0.55 0.5578125 0.8234375 0.7015625000000002 0.8234375
0 0.675 0.3234375000000001 0.540625 0.3234375000000001 0.540625 0.5625 0.675 0.5625
0 0.5703125000000001 0.5546875 0.4078125 0.5546875 0.4078125000000001 0.8390625 0.5703125000000002 0.8390625
0 0.4093750000000001 0.5625 0.2375000000000001 0.5625 0.2375000000000001 0.86875 0.40937500000000016 0.86875
0 0.653125 0.11718750000000007 0.521875 0.11718750000000004 0.521875 0.3453125000000001 0.653125 0.3453125000000001
0 0.3875 0.07968750000000004 0.2453125 0.07968750000000002 0.2453125 0.15156250000000004 0.3875 0.15156250000000004