0 0.23437500000000008 0.80625 0.1765625000000001 0.80625 0.17656250000000012 0.9375 0.23437500000000008 0.9375
0 0.17656250000000012 0.9265625 0.12187500000000014 0.9265625 0.12187500000000014 0.9984375 0.17656250000000012 0.9984375
0 0.17656250000000012 0.80625 0.1218750000000001 0.80625 0.12187500000000011 0.93125 0.17656250000000012 0.93125
2 0.7359375 0.43437500000000007 0.5796875 0.434375 0.5796875 0.7140625 0.7359375 0.7140625000000002
3 0.728125 0.4546875000000001 0.6875 0.4546875 0.6875 0.5093750000000001 0.728125 0.5093750000000001
1 0.7296875 0.5390625000000001 0.6890625 0.5390625 0.6890625 0.5937500000000001 0.7296875 0.5937500000000002
3 0.678125 0.540625 0.634375 0.540625 0.634375 0.596875 0.678125 0.596875
1 0.6265625 0.6359375 0.5890625 0.6359375 0.5890625 0.6953125 0.6265625 0.6953125
1 0.728125 0.6359375 0.6953125 0.6359375 0.6953125 0.675 0.728125 0.6750000000000002
0 0.6296875 0.4515625 0.584375 0.4515625 0.584375 0.5359375 0.6296875 0.5359375
3 0.678125 0.459375 0.634375 0.459375 0.634375 0.5109375 0.678125 0.5109375
1 0.684375 0.6265625 0.6453125 0.6265625 0.6453125 0.6875 0.684375 0.6875
3 0.628125 0.5453125 0.59375 0.5453125 0.59375 0.6046875 0.628125 0.6046875