0 0.21093750000000008 0.75625 0.13281250000000008 0.75625 0.13281250000000008 0.8953125 0.21093750000000008 0.8953125
0 0.13750000000000012 0.86875 0.07031250000000011 0.86875 0.07031250000000011 0.946875 0.13750000000000012 0.946875
0 0.1515625000000001 0.75 0.07968750000000009 0.75 0.0796875000000001 0.88125 0.1515625000000001 0.88125
2 0.7562500000000001 0.44218750000000007 0.55625 0.4421875 0.5562500000000001 0.7406250000000001 0.7562500000000002 0.7406250000000002
3 0.7421875 0.4765625000000001 0.6921875 0.4765625 0.6921875 0.5359375000000001 0.7421875 0.5359375000000002
1 0.7328125 0.5593750000000001 0.6828125 0.559375 0.6828125 0.6203125 0.7328125 0.6203125000000002
3 0.68125 0.55625 0.6296875 0.55625 0.6296875 0.6171875 0.68125 0.6171875
1 0.6171875 0.64375 0.5734375 0.64375 0.5734375 0.70625 0.6171875 0.70625
1 0.71875 0.6578125 0.6796875 0.6578125 0.6796875 0.7015625 0.71875 0.7015625
0 0.64375 0.459375 0.5859375 0.459375 0.5859375 0.55 0.64375 0.55
3 0.6921875 0.4734375 0.6390625 0.4734375 0.6390625 0.5328125 0.6921875 0.5328125
1 0.6765625 0.6421875 0.628125 0.6421875 0.628125 0.7078125 0.6765625 0.7078125
3 0.6296875 0.553125 0.5875 0.553125 0.5875 0.6171875 0.6296875 0.6171875