2 0.709375 0.3421875000000001 0.5046875 0.3421875000000001 0.5046875 0.6671875 0.709375 0.6671875
1 0.5671875 0.3578125000000001 0.528125 0.3578125000000001 0.528125 0.421875 0.5671875 0.421875
0 0.09062500000000001 6.314585058103541e-18 0.0125 1.5308084989341916e-18 0.012500000000000008 0.1515625 0.09062500000000002 0.1515625
1 0.6734375 0.3937500000000001 0.640625 0.3937500000000001 0.640625 0.434375 0.6734375 0.434375
3 0.571875 0.4515625 0.5265625 0.4515625 0.5265625 0.5203125 0.571875 0.5203125
0 0.5765625 0.5296875 0.5171875 0.5296875 0.5171875 0.6296875 0.5765625 0.6296875
1 0.68125 0.4796875 0.6296875 0.4796875 0.6296875 0.54375 0.68125 0.54375
1 0.628125 0.3765625000000001 0.5796875 0.3765625000000001 0.5796875 0.434375 0.628125 0.434375
3 0.6765625 0.5765625 0.63125 0.5765625 0.63125 0.634375 0.6765625 0.634375
3 0.628125 0.5671875 0.575 0.5671875 0.575 0.6328125 0.628125 0.6328125
3 0.625 0.4703125 0.5734375 0.4703125 0.5734375 0.5328125 0.625 0.5328125