0 0.8859375 0.7281250000000001 0.7921875000000002 0.7281250000000001 0.7921875000000002 0.8703125 0.8859375 0.8703125
0 0.95 0.8328125 0.875 0.8328125 0.875 0.915625 0.95 0.915625
0 0.9375 0.7171875000000002 0.8484375 0.7171875000000002 0.8484375 0.85 0.9375 0.85
2 0.4531250000000001 0.4578125 0.21875000000000008 0.4578125 0.21875000000000008 0.7703125 0.45312500000000017 0.7703125
3 0.2984375000000001 0.503125 0.24218750000000008 0.503125 0.24218750000000008 0.5671875 0.2984375000000001 0.5671875
1 0.3125000000000001 0.5859375 0.2562500000000001 0.5859375 0.2562500000000001 0.6515625 0.3125000000000001 0.6515625
3 0.3656250000000001 0.5765625 0.3078125000000001 0.5765625 0.3078125000000001 0.640625 0.3656250000000001 0.640625
1 0.4296875 0.659375 0.3765625000000001 0.659375 0.3765625000000001 0.725 0.4296875 0.725
1 0.3218750000000001 0.6828125 0.27812500000000007 0.6828125 0.27812500000000007 0.728125 0.3218750000000001 0.728125
0 0.4046875 0.4765625 0.3375000000000001 0.4765625 0.3375000000000001 0.5703125 0.4046875 0.5703125
3 0.3500000000000001 0.496875 0.2906250000000001 0.496875 0.2906250000000001 0.5578125 0.3500000000000001 0.5578125
1 0.3750000000000001 0.6625 0.3187500000000001 0.6625 0.3187500000000001 0.73125 0.3750000000000001 0.73125
3 0.409375 0.5703125 0.3578125000000001 0.5703125 0.3578125000000001 0.6359375 0.409375 0.6359375