2 0.8671875 0.007812500000000066 0.2125 0.007812500000000024 0.21250000000000005 0.9046875 0.8671875 0.9046875
0 0.628125 0.2921875000000001 0.421875 0.2921875000000001 0.421875 0.5546875 0.628125 0.5546875
0 0.7203125 0.031250000000000076 0.51875 0.03125000000000007 0.51875 0.2875000000000001 0.7203125 0.2875000000000001
0 0.578125 0.08125000000000006 0.3890625 0.08125000000000004 0.3890625 0.3234375000000001 0.578125 0.3234375000000001
0 0.7859375 0.2562500000000001 0.5703125 0.2562500000000001 0.5703125 0.5328125000000001 0.7859375 0.5328125000000001
0 0.5406250000000001 0.5546875 0.33281250000000007 0.5546875 0.33281250000000007 0.8546875 0.5406250000000001 0.8546875
0 0.49375 0.32812500000000006 0.303125 0.328125 0.30312500000000003 0.59375 0.49375 0.59375
0 0.690625 0.5265625 0.4625 0.5265625 0.4625000000000001 0.840625 0.6906250000000002 0.840625
0 0.8625 0.4953125000000001 0.6203125 0.4953125 0.6203125 0.834375 0.8625 0.834375
0 0.4609375 0.12500000000000006 0.275 0.12500000000000006 0.275 0.37812500000000004 0.4609375 0.3781250000000001
0 0.68125 0.028125000000000077 0.525 0.028125000000000067 0.525 0.12968750000000007 0.68125 0.1296875000000001