2 0.8 6.496368567351975e-17 0.2609375 3.195562741525125e-17 0.26093750000000004 0.8765625 0.8 0.8765625
0 0.6078125 0.2765625000000001 0.434375 0.2765625000000001 0.434375 0.5328125 0.6078125 0.5328125
0 0.7390625 0.025000000000000078 0.5703125 0.025000000000000067 0.5703125 0.2718750000000001 0.7390625 0.2718750000000001
0 0.5921875 0.06250000000000006 0.434375 0.06250000000000004 0.434375 0.2984375000000001 0.5921875 0.2984375000000001
0 0.765625 0.2515625000000001 0.5875 0.2515625000000001 0.5875 0.5218750000000001 0.765625 0.5218750000000002
0 0.4750000000000001 0.53125 0.3078125000000001 0.53125 0.3078125000000001 0.8234375 0.4750000000000002 0.8234375
0 0.46875 0.30156250000000007 0.3109375 0.3015625 0.31093750000000003 0.5609375 0.46875 0.5609375
0 0.6265625000000001 0.5140625 0.4390625 0.5140625 0.4390625000000001 0.8203125 0.6265625000000001 0.8203125
0 0.8 0.49687500000000007 0.6 0.496875 0.6000000000000001 0.828125 0.8 0.828125
0 0.465625 0.09531250000000005 0.3140625 0.09531250000000005 0.3140625 0.34218750000000003 0.465625 0.3421875000000001
0 0.7234375 0.02031250000000008 0.5765625 0.020312500000000074 0.5765625 0.11250000000000009 0.7234375 0.11250000000000009