2 0.66875 0.3437500000000001 0.4921875 0.3437500000000001 0.4921875 0.6609375 0.66875 0.6609375
1 0.540625 0.584375 0.50625 0.584375 0.50625 0.6453125 0.540625 0.6453125
0 0.06562500000000011 0.8328125 1.019901162414905e-16 0.8328125 1.1136631829746244e-16 0.9859375 0.06562500000000011 0.9859375
1 0.6484375 0.575 0.61875 0.575 0.61875 0.6140625 0.6484375 0.6140625
3 0.54375 0.484375 0.503125 0.484375 0.503125 0.5515625 0.54375 0.5515625
0 0.5453125 0.3765625000000001 0.49375 0.3765625000000001 0.49375 0.4734375 0.5453125 0.4734375
1 0.6515625 0.4640625 0.60625 0.4640625 0.60625 0.528125 0.6515625 0.528125
1 0.603125 0.5734375 0.559375 0.5734375 0.559375 0.6296875 0.603125 0.6296875
3 0.6453125 0.3750000000000001 0.60625 0.3750000000000001 0.60625 0.43125 0.6453125 0.43125
3 0.596875 0.3750000000000001 0.55 0.3750000000000001 0.55 0.4390625 0.596875 0.4390625
3 0.596875 0.4734375 0.55 0.4734375 0.55 0.534375 0.596875 0.534375