2 0.553125 0.33437500000000003 0.3375 0.334375 0.3375 0.6640625 0.553125 0.6640625
1 0.521875 0.584375 0.4796875 0.584375 0.4796875 0.646875 0.521875 0.646875
0 1 0.865625 0.94375 0.865625 0.94375 1 1 1
1 0.409375 0.565625 0.3734375000000001 0.565625 0.3734375000000001 0.60625 0.409375 0.60625
3 0.5265625 0.484375 0.478125 0.484375 0.478125 0.553125 0.5265625 0.553125
0 0.540625 0.3765625000000001 0.478125 0.3765625000000001 0.478125 0.4765625 0.540625 0.4765625
1 0.4234375 0.45625 0.37187500000000007 0.45625 0.37187500000000007 0.521875 0.4234375 0.521875
1 0.46875 0.5671875 0.41875 0.5671875 0.41875 0.628125 0.46875 0.628125
3 0.425 0.3671875000000001 0.3781250000000001 0.3671875000000001 0.3781250000000001 0.4265625 0.425 0.4265625
3 0.4828125 0.3703125000000001 0.4265625 0.3703125000000001 0.4265625 0.4375 0.4828125 0.4375
3 0.4796875 0.46875 0.4265625 0.46875 0.4265625 0.5328125 0.4796875 0.5328125